CodigoOrganismo;NombreOrganismo;CodigoOC;Correlativo;CodigoCategoria;Categoria;CodigoProducto;Producto;EspecificacionComprador;EspecificacionProveedor;Cantidad;Unidad;PrecioNeto;TotalImpuestos;TotalLinea
7470;Hospital Río Negro;1057531-147-SE26;1;50101600;Alimentos, bebidas y tabaco / Frutas, verduras y frutos secos / Frutas;50101634;Fruta fresca;Convenio suministro FFVV  Según Guías de Despacho de mail jefe UCA del 30-03-2026  MARZO 2026;Convenio suministro FFVV  Según Guías de Despacho de mail jefe UCA del 30-03-2026  MARZO 2026;1.0;;3108950.0;0.0;3108950.0
7470;Hospital Río Negro;1057531-152-CM26;1;0;;0;APÓSITO CRANBERRY GASA HIDRÓFILA ESTÉRIL AAAP2025 20 X 25 CM UNIDAD;(2228756) APÓSITO CRANBERRY GASA HIDRÓFILA ESTÉRIL AAAP2025 20 X 25 CM UNIDAD;(2228756) APÓSITO CRANBERRY GASA HIDRÓFILA ESTÉRIL AAAP2025 20 X 25 CM UNIDAD , Región de los Lagos , Río Negro, Arturo Prat 791;3000.0;;245.0;0.0;735000.0
7470;Hospital Río Negro;1057531-152-CM26;2;0;;0;MOLDE QUIRÚRGICO CRANBERRY PECHERA POLIETILENO MANGA LARGA C/ OJAL Y AJUSTE CINTURA TALLA L UNIDAD;(2232256) MOLDE QUIRÚRGICO CRANBERRY PECHERA POLIETILENO MANGA LARGA C/ OJAL Y AJUSTE CINTURA TALLA L UNIDAD;(2232256) MOLDE QUIRÚRGICO CRANBERRY PECHERA POLIETILENO MANGA LARGA C/ OJAL Y AJUSTE CINTURA TALLA L UNIDAD , Región de los Lagos , Río Negro, Arturo Prat 791;2000.0;;106.0;0.0;212000.0
7470;Hospital Río Negro;1057531-151-CC26;1;92101500;Servicios de defensa nacional, orden público y seguridad / Orden público y seguridad / Servicios de seguridad y policiales;92101501;Servicios de vigilancia;Convenio de Servicio de Guardias para la Dirección del servicio de Salud Osorno y Establecimientos Dependientes para un Periodo de 24 MESES.  MARZO 2026;Convenio de Servicio de Guardias para la Dirección del servicio de Salud Osorno y Establecimientos Dependientes para un Periodo de 24 MESES.  ID 1057532-21-LR25  MARZO 2026;1.0;;3600000.0;0.0;3600000.0
7470;Hospital Río Negro;1057531-634-SE25;1;41116100;Equipamiento para laboratorios / Instrumentos de medida y experimentación / Kits para ensayos manuales, controles de calidad, calibradores y normativas;41116130;Reactivos, soluciones o tinturas microbiológicos o bacteriológicos;AGAR ARABINOSA. Obligación claridad en fechas de vencimiento, considerar vencimiento 6 meses o superior desde fecha licitación, aceptar despachos parciales y cumplir con Norma Técnica 226 del ISP;Código: 285-485 Caldo Rojo Fenol con Arabinosa, Tubo 12 x 120 El precio es por unidad. Despacho: 3 días hábiles. Recuerde incluir el código Valtek.;120.0;;527.0;0.0;63240.0
7470;Hospital Río Negro;1057531-634-SE25;2;41116100;Equipamiento para laboratorios / Instrumentos de medida y experimentación / Kits para ensayos manuales, controles de calidad, calibradores y normativas;41116130;Reactivos, soluciones o tinturas microbiológicos o bacteriológicos;AGAR CHROMO UTI. Obligación claridad en fechas de vencimiento, considerar vencimiento 6 meses o superior desde fecha licitación, aceptar despachos parciales y cumplir con Norma Técnica 226 del ISP;Código: 285-110 Agar Cromo Orientación UTIC10 Un. 9 cms. El precio es por unidad. Despacho: 3 días hábiles. Recuerde incluir el código Valtek.;1500.0;;1580.0;0.0;2370000.0
7470;Hospital Río Negro;1057531-634-SE25;3;41116100;Equipamiento para laboratorios / Instrumentos de medida y experimentación / Kits para ensayos manuales, controles de calidad, calibradores y normativas;41116130;Reactivos, soluciones o tinturas microbiológicos o bacteriológicos;AGAR COLUMBIA. Obligación claridad en fechas de vencimiento, considerar vencimiento 6 meses o superior desde fecha licitación, aceptar despachos parciales y cumplir con Norma Técnica 226 del ISP;Código: 285-085 Agar Columbia 5% sangre cordero 10 Un. 9 cm El precio es por unidad. Despacho: 3 días hábiles. Recuerde incluir el código Valtek.;1500.0;;890.0;0.0;1335000.0
7470;Hospital Río Negro;1057531-634-SE25;4;41116100;Equipamiento para laboratorios / Instrumentos de medida y experimentación / Kits para ensayos manuales, controles de calidad, calibradores y normativas;41116130;Reactivos, soluciones o tinturas microbiológicos o bacteriológicos;AGAR MAC CONKEY/SORBITOL. Obligación claridad en fechas de vencimiento, considerar vencimiento 6 meses o superior desde fecha licitación, aceptar despachos parciales y cumplir con Norma Técnica 226 del ISP;Código: 285-211 Agar Mac Conkey-Sorbitol 10 Un. 9 cms. El precio es por unidad. Despacho: 3 días hábiles. Recuerde incluir el código Valtek.;60.0;;945.0;0.0;56700.0
7470;Hospital Río Negro;1057531-634-SE25;5;41116100;Equipamiento para laboratorios / Instrumentos de medida y experimentación / Kits para ensayos manuales, controles de calidad, calibradores y normativas;41116130;Reactivos, soluciones o tinturas microbiológicos o bacteriológicos;AGAR MULLER HINTON. Obligación claridad en fechas de vencimiento, considerar vencimiento 6 meses o superior desde fecha licitación, aceptar despachos parciales y cumplir con Norma Técnica 226 del ISP;Código: 285-220 Agar Mueller Hinton 2 CLSI 10 Un. 9 cms. El precio es por unidad. Despacho: 3 días hábiles. Recuerde incluir el código Valtek.;1600.0;;890.0;0.0;1424000.0
7470;Hospital Río Negro;1057531-634-SE25;6;41116100;Equipamiento para laboratorios / Instrumentos de medida y experimentación / Kits para ensayos manuales, controles de calidad, calibradores y normativas;41116130;Reactivos, soluciones o tinturas microbiológicos o bacteriológicos;AGAR SALMONELLA SHIGELLA. Obligación claridad en fechas de vencimiento, considerar vencimiento 6 meses o superior desde fecha licitación, aceptar despachos parciales y cumplir con Norma Técnica 226 del ISP;Código: 285-380 Agar SS 10 Un. 9 cms. El precio es por unidad. Despacho: 3 días hábiles. Recuerde incluir el código Valtek.;120.0;;890.0;0.0;106800.0
7470;Hospital Río Negro;1057531-634-SE25;7;41116100;Equipamiento para laboratorios / Instrumentos de medida y experimentación / Kits para ensayos manuales, controles de calidad, calibradores y normativas;41116130;Reactivos, soluciones o tinturas microbiológicos o bacteriológicos;AGAR STREPTO B. Obligación claridad en fechas de vencimiento, considerar vencimiento 6 meses o superior desde fecha licitación, aceptar despachos parciales y cumplir con Norma Técnica 226 del ISP;Código: 285-125 Agar Cromo-StrepB 10 Uds. 9cms. El precio es por unidad. Despacho: 3 días hábiles. Recuerde incluir el código Valtek.;100.0;;1935.0;0.0;193500.0
7470;Hospital Río Negro;1057531-634-SE25;8;41116100;Equipamiento para laboratorios / Instrumentos de medida y experimentación / Kits para ensayos manuales, controles de calidad, calibradores y normativas;41116130;Reactivos, soluciones o tinturas microbiológicos o bacteriológicos;AGAR TCBS. Obligación claridad en fechas de vencimiento, considerar vencimiento 6 meses o superior desde fecha licitación, aceptar despachos parciales y cumplir con Norma Técnica 226 del ISP;Código: 285-385 Agar TCBS 10 Uds. 9 cms. El precio es por unidad. Despacho: 3 días hábiles. Recuerde incluir el código Valtek.;120.0;;945.0;0.0;113400.0
7470;Hospital Río Negro;1057531-634-SE25;9;41116100;Equipamiento para laboratorios / Instrumentos de medida y experimentación / Kits para ensayos manuales, controles de calidad, calibradores y normativas;41116131;Discos o paneles de pruebas de identificación o sensibilidad microbiológicas o bacteriológicas;DISCOS DE ACIDO NALIDIXICO 30 MCG. Obligación claridad en fechas de vencimiento, considerar vencimiento de 12 meses o superior desde fecha licitación, aceptar despachos parciales y cumplir con Norma Técnica 226 del ISP;Código: ASD06000 Nalidixic acid NA 30 mcg, 1 caja x 5 ctg. El precio es por unidad. Despacho: 3 días hábiles. Recuerde incluir el código Valtek.;250.0;;100.0;0.0;25000.0
7470;Hospital Río Negro;1057531-634-SE25;10;41116100;Equipamiento para laboratorios / Instrumentos de medida y experimentación / Kits para ensayos manuales, controles de calidad, calibradores y normativas;41116131;Discos o paneles de pruebas de identificación o sensibilidad microbiológicas o bacteriológicas;DISCOS DE AMIKACINA 30 MCG. Obligación claridad en fechas de vencimiento, considerar vencimiento 6 meses o superior desde fecha licitación, aceptar despachos parciales y cumplir con Norma Técnica 226 del ISP;Código: ASD00100 Amikacin AK 30 mcg, 1 caja x 5 ctg. El precio es por unidad. Despacho: 3 días hábiles. Recuerde incluir el código Valtek.;1500.0;;100.0;0.0;150000.0
7470;Hospital Río Negro;1057531-634-SE25;11;41116100;Equipamiento para laboratorios / Instrumentos de medida y experimentación / Kits para ensayos manuales, controles de calidad, calibradores y normativas;41116131;Discos o paneles de pruebas de identificación o sensibilidad microbiológicas o bacteriológicas;DISCOS DE AMOXICILINA- AC. CLAVULANICO 30 MCG. Obligación claridad en fechas de vencimiento, considerar vencimiento de 12 meses o superior desde fecha licitación, aceptar despachos parciales y cumplir con Norma Técnica 226 del ISP;Código: ASD00420 Clavulanic acidamoxicillin AMC 30 mcg, 1 caja x 5 ctg. El precio es por unidad. Despacho: 3 días hábiles. Recuerde incluir el código Valtek.;250.0;;100.0;0.0;25000.0
7470;Hospital Río Negro;1057531-634-SE25;12;41116100;Equipamiento para laboratorios / Instrumentos de medida y experimentación / Kits para ensayos manuales, controles de calidad, calibradores y normativas;41116131;Discos o paneles de pruebas de identificación o sensibilidad microbiológicas o bacteriológicas;DISCOS DE AMPICILINA 10 MCG. Obligación claridad en fechas de vencimiento, considerar vencimiento de 12 meses o superior desde fecha licitación, aceptar despachos parciales y cumplir con Norma Técnica 226 del ISP;Código: ASD00200 Ampicillin AM 10 mcg, 1 caja x 5 ctg. El precio es por unidad. Despacho: 3 días hábiles. Recuerde incluir el código Valtek.;500.0;;100.0;0.0;50000.0
7470;Hospital Río Negro;1057531-634-SE25;13;41116100;Equipamiento para laboratorios / Instrumentos de medida y experimentación / Kits para ensayos manuales, controles de calidad, calibradores y normativas;41116131;Discos o paneles de pruebas de identificación o sensibilidad microbiológicas o bacteriológicas;DISCOS DE AMPICILINA SULBACTAM 10/10 MCG. Obligación claridad en fechas de vencimiento, considerar vencimiento de 12 meses o superior desde fecha licitación, aceptar despachos parciales y cumplir con Norma Técnica 226 del ISP;Código: ASD00240 Sulbactamampicillin SAM 20 mcg, 1 caja x 5 ctg. El precio es por unidad. Despacho: 3 días hábiles. Recuerde incluir el código Valtek.;500.0;;100.0;0.0;50000.0
7470;Hospital Río Negro;1057531-634-SE25;14;41116100;Equipamiento para laboratorios / Instrumentos de medida y experimentación / Kits para ensayos manuales, controles de calidad, calibradores y normativas;41116131;Discos o paneles de pruebas de identificación o sensibilidad microbiológicas o bacteriológicas;DISCOS DE AZTREONAM 30 MCG. Obligación claridad en fechas de vencimiento, considerar vencimiento de 12 meses o superior desde fecha licitación, aceptar despachos parciales y cumplir con Norma Técnica 226 del ISP;Código: ASD00700 Aztreonam ATM 30 mcg, 1 caja x 5 ctg. El precio es por unidad. Despacho: 3 días hábiles. Recuerde incluir el código Valtek.;250.0;;100.0;0.0;25000.0
7470;Hospital Río Negro;1057531-634-SE25;15;41116100;Equipamiento para laboratorios / Instrumentos de medida y experimentación / Kits para ensayos manuales, controles de calidad, calibradores y normativas;41116131;Discos o paneles de pruebas de identificación o sensibilidad microbiológicas o bacteriológicas;DISCOS DE BACITRACINA 0,04 U. Obligación claridad en fechas de vencimiento, considerar vencimiento de 12 meses o superior desde fecha licitación, aceptar despachos parciales y cumplir con Norma Técnica 226 del ISP;Código: ASD00810 Bacitracin B 0.04 U, 1 caja x 5 ctg. El precio es por unidad. Despacho: 3 días hábiles. Recuerde incluir el código Valtek.;250.0;;100.0;0.0;25000.0
7470;Hospital Río Negro;1057531-634-SE25;16;41116100;Equipamiento para laboratorios / Instrumentos de medida y experimentación / Kits para ensayos manuales, controles de calidad, calibradores y normativas;41116131;Discos o paneles de pruebas de identificación o sensibilidad microbiológicas o bacteriológicas;DISCOS DE CEFAZOLINA 30 MCG. Obligación claridad en fechas de vencimiento, considerar vencimiento 6 meses o superior desde fecha licitación, aceptar despachos parciales y cumplir con Norma Técnica 226 del ISP;Código: ASD01300 Cefazolin CZ 30 mcg, 1 caja x 5 ctg. El precio es por unidad. Despacho: 3 días hábiles. Recuerde incluir el código Valtek.;1500.0;;100.0;0.0;150000.0
7470;Hospital Río Negro;1057531-634-SE25;17;41116100;Equipamiento para laboratorios / Instrumentos de medida y experimentación / Kits para ensayos manuales, controles de calidad, calibradores y normativas;41116131;Discos o paneles de pruebas de identificación o sensibilidad microbiológicas o bacteriológicas;DISCOS DE CEFOTAXIMA-Ac.CLAVULANICO 30/10 MCG. Obligación claridad en fechas de vencimiento, considerar vencimiento de 12 meses o superior desde fecha licitación, aceptar despachos parciales y cumplir con Norma Técnica 226 del ISP;Código: ASD01820 Clavulanic acidcefotaxime CTC 40 mcg, 1 caja x 5 ctg. El precio es por unidad. Despacho: 3 días hábiles. Recuerde incluir el código Valtek.;500.0;;100.0;0.0;50000.0
7470;Hospital Río Negro;1057531-634-SE25;18;41116100;Equipamiento para laboratorios / Instrumentos de medida y experimentación / Kits para ensayos manuales, controles de calidad, calibradores y normativas;41116131;Discos o paneles de pruebas de identificación o sensibilidad microbiológicas o bacteriológicas;DISCOS DE CEFOTAXIMA 30 MCG. Obligación claridad en fechas de vencimiento, considerar vencimiento de 12 meses o superior desde fecha licitación, aceptar despachos parciales y cumplir con Norma Técnica 226 del ISP;Código: ASD01800 Cefotaxime CTX 30 mcg, 1 caja x 5 ctg. El precio es por unidad. Despacho: 3 días hábiles. Recuerde incluir el código Valtek.;500.0;;100.0;0.0;50000.0
7470;Hospital Río Negro;1057531-634-SE25;19;41116100;Equipamiento para laboratorios / Instrumentos de medida y experimentación / Kits para ensayos manuales, controles de calidad, calibradores y normativas;41116131;Discos o paneles de pruebas de identificación o sensibilidad microbiológicas o bacteriológicas;DISCOS DE CEFOXITIN 30 MCG. Obligación claridad en fechas de vencimiento, considerar vencimiento de 12 meses o superior desde fecha licitación, aceptar despachos parciales y cumplir con Norma Técnica 226 del ISP;Código: ASD01900 Cefoxitin FOX 30 mcg, 1 caja x 5 ctg. El precio es por unidad. Despacho: 3 días hábiles. Recuerde incluir el código Valtek.;250.0;;100.0;0.0;25000.0
7470;Hospital Río Negro;1057531-634-SE25;20;41116100;Equipamiento para laboratorios / Instrumentos de medida y experimentación / Kits para ensayos manuales, controles de calidad, calibradores y normativas;41116131;Discos o paneles de pruebas de identificación o sensibilidad microbiológicas o bacteriológicas;DISCOS DE CEFEPIME 30 MCG. Obligación claridad en fechas de vencimiento, considerar vencimiento de 12 meses o superior desde fecha licitación, aceptar despachos parciales y cumplir con Norma Técnica 226 del ISP;Código: ASD01400 Cefepime FEP 30 mcg, 1 caja x 5 ctg. El precio es por unidad. Despacho: 3 días hábiles. Recuerde incluir el código Valtek.;500.0;;100.0;0.0;50000.0
7470;Hospital Río Negro;1057531-634-SE25;21;41116100;Equipamiento para laboratorios / Instrumentos de medida y experimentación / Kits para ensayos manuales, controles de calidad, calibradores y normativas;41116131;Discos o paneles de pruebas de identificación o sensibilidad microbiológicas o bacteriológicas;DISCOS DE CEFTAZIDIMA-AC.CLAVULANICO 30/10MCG. Obligación claridad en fechas de vencimiento, considerar vencimiento de 12 meses o superior desde fecha licitación, aceptar despachos parciales y cumplir con Norma Técnica 226 del ISP;Código: ASD02110 Clavulanic acidceftazidime CZC 40 mcg, 1 caja x 5 ctg. El precio es por unidad. Despacho: 3 días hábiles. Recuerde incluir el código Valtek.;500.0;;100.0;0.0;50000.0
7470;Hospital Río Negro;1057531-634-SE25;22;41116100;Equipamiento para laboratorios / Instrumentos de medida y experimentación / Kits para ensayos manuales, controles de calidad, calibradores y normativas;41116131;Discos o paneles de pruebas de identificación o sensibilidad microbiológicas o bacteriológicas;DISCOS DE CEFTAZIDIMA 30MCG. Obligación claridad en fechas de vencimiento, considerar vencimiento de 12 meses o superior desde fecha licitación, aceptar despachos parciales y cumplir con Norma Técnica 226 del ISP;Código: ASD02100 Ceftazidime CAZ 30 mcg, 1 caja x 5 ctg. El precio es por unidad. Despacho: 3 días hábiles. Recuerde incluir el código Valtek.;500.0;;100.0;0.0;50000.0
7470;Hospital Río Negro;1057531-634-SE25;23;41116100;Equipamiento para laboratorios / Instrumentos de medida y experimentación / Kits para ensayos manuales, controles de calidad, calibradores y normativas;41116131;Discos o paneles de pruebas de identificación o sensibilidad microbiológicas o bacteriológicas;DISCOS DE CEFTRIAXONA 30 MCG. Obligación claridad en fechas de vencimiento, considerar vencimiento 6 meses o superior desde fecha licitación, aceptar despachos parciales y cumplir con Norma Técnica 226 del ISP;Código: ASD02300 Ceftriaxone CRO 30 mcg, 1 caja x 5 ctg. El precio es por unidad. Despacho: 3 días hábiles. Recuerde incluir el código Valtek.;1500.0;;100.0;0.0;150000.0
7470;Hospital Río Negro;1057531-634-SE25;24;41116100;Equipamiento para laboratorios / Instrumentos de medida y experimentación / Kits para ensayos manuales, controles de calidad, calibradores y normativas;41116131;Discos o paneles de pruebas de identificación o sensibilidad microbiológicas o bacteriológicas;DISCOS DE CIPROFLOXACINO 5 MCG. Obligación claridad en fechas de vencimiento, considerar vencimiento 6 meses o superior desde fecha licitación, aceptar despachos parciales y cumplir con Norma Técnica 226 del ISP;Código: ASD03000 Ciprofloxacin CIP 5 mcg, 1 caja x 5 ctg. El precio es por unidad. Despacho: 3 días hábiles. Recuerde incluir el código Valtek.;1500.0;;100.0;0.0;150000.0
7470;Hospital Río Negro;1057531-634-SE25;25;41116100;Equipamiento para laboratorios / Instrumentos de medida y experimentación / Kits para ensayos manuales, controles de calidad, calibradores y normativas;41116131;Discos o paneles de pruebas de identificación o sensibilidad microbiológicas o bacteriológicas;DISCOS DE CLINDAMICINA 2 MCG. Obligación claridad en fechas de vencimiento, considerar vencimiento de 12 meses o superior desde fecha licitación, aceptar despachos parciales y cumplir con Norma Técnica 226 del ISP;Código: ASD03310 Clindamycin DA 2 mcg, 1 caja x 5 ctg. El precio es por unidad. Despacho: 3 días hábiles. Recuerde incluir el código Valtek.;250.0;;100.0;0.0;25000.0
7470;Hospital Río Negro;1057531-634-SE25;26;41116100;Equipamiento para laboratorios / Instrumentos de medida y experimentación / Kits para ensayos manuales, controles de calidad, calibradores y normativas;41116131;Discos o paneles de pruebas de identificación o sensibilidad microbiológicas o bacteriológicas;DISCOS DE EDTA/SMA 750ug. Obligación claridad en fechas de vencimiento, considerar vencimiento de 12 meses o superior desde fecha licitación, aceptar despachos parciales y cumplir con Norma Técnica 226 del ISP;Código: ASD08050 SMAEDTA MBL 750 mcg, 1 caja x 5 ctg.   El precio es por unidad. Despacho: 3 días hábiles. Recuerde incluir el código Valtek.;250.0;;100.0;0.0;25000.0
7470;Hospital Río Negro;1057531-634-SE25;27;41116100;Equipamiento para laboratorios / Instrumentos de medida y experimentación / Kits para ensayos manuales, controles de calidad, calibradores y normativas;41116131;Discos o paneles de pruebas de identificación o sensibilidad microbiológicas o bacteriológicas;DISCOS DE ERITROMICINA 15 MCG. Obligación claridad en fechas de vencimiento, considerar vencimiento de 12 meses o superior desde fecha licitación, aceptar despachos parciales y cumplir con Norma Técnica 226 del ISP;Código: ASD03700 Erythromycin E 15 mcg, 1 caja x 5 ctg. El precio es por unidad. Despacho: 3 días hábiles. Recuerde incluir el código Valtek.;250.0;;100.0;0.0;25000.0
7470;Hospital Río Negro;1057531-634-SE25;28;41116100;Equipamiento para laboratorios / Instrumentos de medida y experimentación / Kits para ensayos manuales, controles de calidad, calibradores y normativas;41116131;Discos o paneles de pruebas de identificación o sensibilidad microbiológicas o bacteriológicas;DISCOS DE ERTAPENEM 10 MCG. Obligación claridad en fechas de vencimiento, considerar vencimiento de 12 meses o superior desde fecha licitación, aceptar despachos parciales y cumplir con Norma Técnica 226 del ISP;Código: ASD03650 Ertapenem ETP 10 mcg, 1 caja x 5 ctg. El precio es por unidad. Despacho: 3 días hábiles. Recuerde incluir el código Valtek.;250.0;;100.0;0.0;25000.0
7470;Hospital Río Negro;1057531-634-SE25;29;41116100;Equipamiento para laboratorios / Instrumentos de medida y experimentación / Kits para ensayos manuales, controles de calidad, calibradores y normativas;41116131;Discos o paneles de pruebas de identificación o sensibilidad microbiológicas o bacteriológicas;DISCOS DE GENTAMICINA 10 MCG. Obligación claridad en fechas de vencimiento, considerar vencimiento de 12 meses o superior desde fecha licitación, aceptar despachos parciales y cumplir con Norma Técnica 226 del ISP;Código: ASD04300 Gentamicin CN 10 mcg, 1 caja x 5 ctg. El precio es por unidad. Despacho: 3 días hábiles. Recuerde incluir el código Valtek.;500.0;;100.0;0.0;50000.0
7470;Hospital Río Negro;1057531-634-SE25;30;41116100;Equipamiento para laboratorios / Instrumentos de medida y experimentación / Kits para ensayos manuales, controles de calidad, calibradores y normativas;41116131;Discos o paneles de pruebas de identificación o sensibilidad microbiológicas o bacteriológicas;DISCOS DE GENTAMICINA 120 MCG. Obligación claridad en fechas de vencimiento, considerar vencimiento de 12 meses o superior desde fecha licitación, aceptar despachos parciales y cumplir con Norma Técnica 226 del ISP;Código: ASD04310 Gentamicin CN 120 mcg, 1 caja x 5 ctg. El precio es por unidad. Despacho: 3 días hábiles. Recuerde incluir el código Valtek.;250.0;;100.0;0.0;25000.0
7470;Hospital Río Negro;1057531-634-SE25;31;41116100;Equipamiento para laboratorios / Instrumentos de medida y experimentación / Kits para ensayos manuales, controles de calidad, calibradores y normativas;41116131;Discos o paneles de pruebas de identificación o sensibilidad microbiológicas o bacteriológicas;DISCOS DE IMIPENEN 10 MCG. Obligación claridad en fechas de vencimiento, considerar vencimiento de 12 meses o superior desde fecha licitación, aceptar despachos parciales y cumplir con Norma Técnica 226 del ISP;Código: ASD04500 Imipenem IPM 10 mcg, 1 caja x 5 ctg. El precio es por unidad. Despacho: 3 días hábiles. Recuerde incluir el código Valtek.;500.0;;100.0;0.0;50000.0
7470;Hospital Río Negro;1057531-634-SE25;32;41116100;Equipamiento para laboratorios / Instrumentos de medida y experimentación / Kits para ensayos manuales, controles de calidad, calibradores y normativas;41116131;Discos o paneles de pruebas de identificación o sensibilidad microbiológicas o bacteriológicas;DISCOS DE LEVOFLOXACINO 5 MCG. Obligación claridad en fechas de vencimiento, considerar vencimiento de 12 meses o superior desde fecha licitación, aceptar despachos parciales y cumplir con Norma Técnica 226 del ISP;Código: ASD04800 Levofloxacin LEV 5 mcg, 1 caja x 5 ctg. El precio es por unidad. Despacho: 3 días hábiles. Recuerde incluir el código Valtek.;500.0;;100.0;0.0;50000.0
7470;Hospital Río Negro;1057531-634-SE25;33;41116100;Equipamiento para laboratorios / Instrumentos de medida y experimentación / Kits para ensayos manuales, controles de calidad, calibradores y normativas;41116131;Discos o paneles de pruebas de identificación o sensibilidad microbiológicas o bacteriológicas;DISCOS DE LINEZOLID 30 MCG. Obligación claridad en fechas de vencimiento, considerar vencimiento de 12 meses o superior desde fecha licitación, aceptar despachos parciales y cumplir con Norma Técnica 226 del ISP;Código: ASD05000 Linezolid LNZ 30 mcg, 1 caja x 5 ctg. El precio es por unidad. Despacho: 3 días hábiles. Recuerde incluir el código Valtek.;250.0;;100.0;0.0;25000.0
7470;Hospital Río Negro;1057531-634-SE25;34;41116100;Equipamiento para laboratorios / Instrumentos de medida y experimentación / Kits para ensayos manuales, controles de calidad, calibradores y normativas;41116131;Discos o paneles de pruebas de identificación o sensibilidad microbiológicas o bacteriológicas;DISCOS DE MEROPENEM 10 MCG. Obligación claridad en fechas de vencimiento, considerar vencimiento de 12 meses o superior desde fecha licitación, aceptar despachos parciales y cumplir con Norma Técnica 226 del ISP;Código: ASD05400 Meropenem MEM 10 mcg, 1 caja x 5 ctg. El precio es por unidad. Despacho: 3 días hábiles. Recuerde incluir el código Valtek.;500.0;;100.0;0.0;50000.0
7470;Hospital Río Negro;1057531-634-SE25;35;41116100;Equipamiento para laboratorios / Instrumentos de medida y experimentación / Kits para ensayos manuales, controles de calidad, calibradores y normativas;41116131;Discos o paneles de pruebas de identificación o sensibilidad microbiológicas o bacteriológicas;DISCOS DE NITROFURANTOINA 300 MCG. Obligación claridad en fechas de vencimiento, considerar vencimiento 6 meses o superior desde fecha licitación, aceptar despachos parciales y cumplir con Norma Técnica 226 del ISP;Código: ASD06200 Nitrofurantoin F 300 mcg, 1 caja x 5 ctg. El precio es por unidad. Despacho: 3 días hábiles. Recuerde incluir el código Valtek.;1500.0;;100.0;0.0;150000.0
7470;Hospital Río Negro;1057531-634-SE25;36;41116100;Equipamiento para laboratorios / Instrumentos de medida y experimentación / Kits para ensayos manuales, controles de calidad, calibradores y normativas;41116131;Discos o paneles de pruebas de identificación o sensibilidad microbiológicas o bacteriológicas;DISCOS DE NOVOBIOCINA 5 MCG. Obligación claridad en fechas de vencimiento, considerar vencimiento de 12 meses o superior desde fecha licitación, aceptar despachos parciales y cumplir con Norma Técnica 226 del ISP;Código: ASD06610 Novobiocin NV 5 mcg, 1 caja x 5 ctg. El precio es por unidad. Despacho: 3 días hábiles. Recuerde incluir el código Valtek.;250.0;;100.0;0.0;25000.0
7470;Hospital Río Negro;1057531-634-SE25;37;41116100;Equipamiento para laboratorios / Instrumentos de medida y experimentación / Kits para ensayos manuales, controles de calidad, calibradores y normativas;41116131;Discos o paneles de pruebas de identificación o sensibilidad microbiológicas o bacteriológicas;DISCOS DE OPTOQUINA 5 MCG. Obligación claridad en fechas de vencimiento, considerar vencimiento de 12 meses o superior desde fecha licitación, aceptar despachos parciales y cumplir con Norma Técnica 226 del ISP;Código: ASD06900 Optochin OP 5 mcg, 1 caja x 5 ctg. El precio es por unidad. Despacho: 3 días hábiles. Recuerde incluir el código Valtek.;250.0;;100.0;0.0;25000.0
7470;Hospital Río Negro;1057531-634-SE25;38;41116100;Equipamiento para laboratorios / Instrumentos de medida y experimentación / Kits para ensayos manuales, controles de calidad, calibradores y normativas;41116131;Discos o paneles de pruebas de identificación o sensibilidad microbiológicas o bacteriológicas;DISCOS DE PENICILINA 10 U. Obligación claridad en fechas de vencimiento, considerar vencimiento de 12 meses o superior desde fecha licitación, aceptar despachos parciales y cumplir con Norma Técnica 226 del ISP;Código: ASD07400 Penicillin G P 10 U, 1 caja x 5 ctg. El precio es por unidad. Despacho: 3 días hábiles. Recuerde incluir el código Valtek.;500.0;;100.0;0.0;50000.0
7470;Hospital Río Negro;1057531-634-SE25;39;41116100;Equipamiento para laboratorios / Instrumentos de medida y experimentación / Kits para ensayos manuales, controles de calidad, calibradores y normativas;41116131;Discos o paneles de pruebas de identificación o sensibilidad microbiológicas o bacteriológicas;DISCOS DE PIPERACILINA/TAZOBACTAM 100/10 MCG. Obligación claridad en fechas de vencimiento, considerar vencimiento de 12 meses o superior desde fecha licitación, aceptar despachos parciales y cumplir con Norma Técnica 226 del ISP;Código: ASD07620 Tazobactampip TPZ 110 mcg,1 caja x 5 ctg. El precio es por unidad. Despacho: 3 días hábiles. Recuerde incluir el código Valtek.;500.0;;100.0;0.0;50000.0
7470;Hospital Río Negro;1057531-634-SE25;40;41116100;Equipamiento para laboratorios / Instrumentos de medida y experimentación / Kits para ensayos manuales, controles de calidad, calibradores y normativas;41116131;Discos o paneles de pruebas de identificación o sensibilidad microbiológicas o bacteriológicas;DISCOS DE PYR. Obligación claridad en fechas de vencimiento, considerar vencimiento de 12 meses o superior desde fecha licitación, aceptar despachos parciales y cumplir con Norma Técnica 226 del ISP;Código: STR00100 PYR Strip 1 x 50 tiras BA. El precio es por unidad. Despacho: 3 días hábiles. Recuerde incluir el código Valtek.;100.0;;1686.0;0.0;168600.0
7470;Hospital Río Negro;1057531-634-SE25;41;41116100;Equipamiento para laboratorios / Instrumentos de medida y experimentación / Kits para ensayos manuales, controles de calidad, calibradores y normativas;41116131;Discos o paneles de pruebas de identificación o sensibilidad microbiológicas o bacteriológicas;DISCOS DE SULFAMETOXAZOL TRIMETHOPRIM 1,25/23,75 MCG. Obligación claridad en fechas de vencimiento, considerar vencimiento 6 meses o superior desde fecha licitación, aceptar despachos parciales y cumplir con Norma Técnica 226 del ISP;Código: ASD09320 Trimethoprimsulphamethox SXT25 mcg, 1 caja x 5 ctg. El precio es por unidad. Despacho: 3 días hábiles. Recuerde incluir el código Valtek.;1500.0;;100.0;0.0;150000.0
7470;Hospital Río Negro;1057531-634-SE25;42;41116100;Equipamiento para laboratorios / Instrumentos de medida y experimentación / Kits para ensayos manuales, controles de calidad, calibradores y normativas;41116131;Discos o paneles de pruebas de identificación o sensibilidad microbiológicas o bacteriológicas;DISCOS DE TETRACICLINA 30 MCG. Obligación claridad en fechas de vencimiento, considerar vencimiento de 12 meses o superior desde fecha licitación, aceptar despachos parciales y cumplir con Norma Técnica 226 del ISP;Código: ASD08900 Tetracycline TE 30 mcg, 1 caja x 5 ctg. El precio es por unidad. Despacho: 3 días hábiles. Recuerde incluir el código Valtek.;250.0;;100.0;0.0;25000.0
7470;Hospital Río Negro;1057531-634-SE25;43;41116100;Equipamiento para laboratorios / Instrumentos de medida y experimentación / Kits para ensayos manuales, controles de calidad, calibradores y normativas;41116131;Discos o paneles de pruebas de identificación o sensibilidad microbiológicas o bacteriológicas;DISCOS DE TOBRAMICINA 10 MCG. Obligación claridad en fechas de vencimiento, considerar vencimiento de 12 meses o superior desde fecha licitación, aceptar despachos parciales y cumplir con Norma Técnica 226 del ISP;Código: ASD09200 Tobramycin TOB 10 mcg, 1 caja x 5 ctg. El precio es por unidad. Despacho: 3 días hábiles. Recuerde incluir el código Valtek.;250.0;;100.0;0.0;25000.0
7470;Hospital Río Negro;1057531-634-SE25;44;41116100;Equipamiento para laboratorios / Instrumentos de medida y experimentación / Kits para ensayos manuales, controles de calidad, calibradores y normativas;41116131;Discos o paneles de pruebas de identificación o sensibilidad microbiológicas o bacteriológicas;DISCOS DE VANCOMICINA 30 MCG. Obligación claridad en fechas de vencimiento, considerar vencimiento de 12 meses o superior desde fecha licitación, aceptar despachos parciales y cumplir con Norma Técnica 226 del ISP;Código: ASD09400 Vancomycin VA 30 mcg, 1 caja x 5 ctg. El precio es por unidad. Despacho: 3 días hábiles. Recuerde incluir el código Valtek.;500.0;;100.0;0.0;50000.0
